128

115 5 5555551555 al 15 suere.
want 51 1555 55551 om 5555 55551 135
55515151155 155 5555551551,
men maecto nwen lichama 55551,
115 51 met wanden was mesmaect,
men 5155 1555 5155555 5515 15155555
metgrovennaglen u· doerhouwon‚ 110
15515 5515 55515 551-55555 51555155
5515 alle 555 1515 555 115 5551555,
1515555 555 bene moohte tollen 51
115 51555 55555155 55551555551,
1555 men u 5551-55555 sloeoh. 115
515 men u mett-en 55555 55 droun,
515555 115 555155 bloeden 551555,
1555 nocht-men 5155 155151555 51555,
115 1555 55555555 15151555155
555555555551551551555515155 150
si bingen 5 15555155 1555551555555
5515 555155 5555555 55551555,
151 51 555 555155 15515 55551.
51 sloeoht 555 5555 55155 55551
5515 5555551 1515 5555 moedau, 155
. dat sinte 155 55515 sijn hare hoeder.
5151551 1555 5555551] 5515 555555,
551 mooht-si driven groet 55551555,
1555 515 sach 55 1-55555 155555.
(115 1555555 115555 hare 5555 115
555555, 160
1555551 155 155555 1555 5155 haer
155515,
want 51151155155 5515 5115 1155555515,
115 men 515 den liehanne 1515,
115 155151 15 155 515155 55515;
want hare 15555 555 5115 5, 165
1555 bi 555 51 55555551 met 5.
Ay heere, 115 555-1 55555 hinet,
1515515 met 555155 bloede besprinct,
51 15555551 5515 51 1555155555,
1551 555 555 ansoiJ'n 5551555 5555555.

110
V. Te 55555.

0 55515 15555, 155 heilegon 15555
5555155 5 lof 5515 5555 55555,
51 155 555511 creaturan,

5515 55515511555515 15555 5555
555 (155 55555, 155 51 hinct 115
555 155 55555 5515 55551 1555551551
met 555155 bloede in 5115 555 1515.

555 genter pinon, (115 men ιι dede,

555511 5551555551 5515 551115 ,5ιί
1555111

men braoht 55155555 555155 55551 180

55115 55555551 met 55155,

151555 u 15551515 555 5155

1555 55 5555551-15 ,1551-5 551155511

5155511 151 lietb-i 55155 5555

15 115 555 555 5555 1551 185

5515 5555551551 55555 51555555 555515

,55155, 15 155 handen dijn

bavele 15 5 115 51515 55155.1 ,

15551 5551-55555 555155555 55551,

quam 1555555 511155 5555555551, 100

115 5 met 5555 55555 5155

555 55515, 151 ιι 1-15515 brae

in 555 5115, 5515 (11·55 stoke

ra'n bloet 5515 55155 515 555 beke.

Ay noe 5151 55 115 15555,

115 1555 (115 5555555155 555555,

5515 hoe 11555 55 1555 fontaine,

115 555 55551555 555155 55155 ,

5515 555 155 555555 (1551 55515551,

1115515555515155 115555 5515155551 200

1155 maedan was 55155 555155555

555 555155 55555 5515 51 15155555,

155 51 5 5555155515 5515 bloet

haugen 55155 555551551,

1555555155155515555515551515515205

ay hoe 555 555 hare 15 mnodo!

195

ἱ Nu bidd-io 5 1555555 1551,

151 51 555 15151115 5155 5551,
1551 555 met u 155 ,555511 5155555,
dat wi 555 51155 mogon 555555555, 210

VI. Τ5 vesperen.

0 15555, 51 moetemmenmere

hebben werdeoheit‚ 151 5515 555,
maer 555155115555 moet men 515555
15 5555551115, 515 51 555 boven
555 155 55555 55551 551555,
1555 hadde 5115 1551555555
55515155 hado-i 115 55555 1551
met 5555 1551 555515555 1551,

215

, 5551 155 15155 55 5555555

55115 5555 1551 1-55555 15555. 220

115 1551 5555155511-1, 151 555 555155,

1555 51 5 braohte 15 1-55555 tondet. ,

1555 115 1551555555 151 15555,

155551551 115 1551 5515 55551555-
155555

 

